50;
18;4;1;2;3;
15;11;1;2;4;
2;20;1;2;2;
17;13;1;2;2;
14;1;1;2;5;
4;16;1;2;0;
14;18;1;2;4;
18;12;1;2;4;
4;20;1;2;0;
9;3;1;2;0;
7;11;1;2;5;
19;12;1;2;4;
6;2;1;2;0;
11;16;1;2;5;
20;11;1;2;1;
4;20;1;2;4;
9;5;1;2;3;
9;19;1;2;0;
8;5;1;2;1;
14;13;1;2;2;
19;7;1;2;2;
17;10;1;2;3;
18;18;1;2;1;
13;16;1;2;1;
7;18;1;2;4;
15;16;1;2;0;
7;3;1;2;3;
14;17;1;2;0;
19;17;1;2;1;
15;20;1;2;5;
6;15;1;2;0;
5;4;1;2;3;
17;18;1;2;0;
8;7;1;2;3;
5;13;1;2;3;
10;16;1;2;5;
17;2;1;2;5;
9;14;1;2;0;
11;7;1;2;1;
11;20;1;2;4;
7;20;1;2;5;
7;12;1;2;5;
17;4;1;2;4;
18;16;1;2;0;
8;10;1;2;1;
4;14;1;2;5;
17;10;1;2;3;
19;4;1;2;4;
18;12;1;2;3;
15;4;1;2;5;
MAINTENANCE
1;1;5;10;
2;1;5;16;
3;1;5;23;
4;1;5;36;
5;1;5;50;
6;2;5;62;
7;2;5;73;
8;2;5;80;
9;2;5;92;
10;2;5;107;
