50;
13;4;1;2;5;
12;2;1;2;0;
19;10;1;2;5;
1;20;1;2;3;
18;15;1;2;5;
2;17;1;2;3;
9;14;1;2;3;
14;2;1;2;1;
10;17;1;2;5;
8;6;1;2;4;
11;18;1;2;1;
8;11;1;2;0;
8;12;1;2;3;
6;5;1;2;4;
12;8;1;2;3;
13;12;1;2;5;
6;14;1;2;1;
1;1;1;2;0;
16;1;1;2;2;
18;19;1;2;2;
5;10;1;2;5;
5;9;1;2;0;
19;20;1;2;1;
8;10;1;2;3;
20;17;1;2;0;
17;14;1;2;4;
11;14;1;2;2;
10;15;1;2;2;
1;15;1;2;0;
14;7;1;2;5;
12;9;1;2;5;
2;2;1;2;2;
7;14;1;2;3;
11;10;1;2;5;
1;9;1;2;0;
3;7;1;2;2;
20;18;1;2;3;
19;10;1;2;3;
1;16;1;2;0;
14;10;1;2;5;
18;15;1;2;1;
16;19;1;2;1;
4;14;1;2;2;
12;1;1;2;0;
18;15;1;2;4;
18;12;1;2;1;
18;13;1;2;4;
18;11;1;2;1;
17;11;1;2;1;
9;10;1;2;4;
MAINTENANCE
1;1;5;9;
2;1;5;15;
3;1;5;23;
4;1;5;38;
5;1;5;44;
6;2;5;53;
7;2;5;61;
8;2;5;69;
9;2;5;79;
10;2;5;92;
