50;
19;14;1;2;5;
16;20;1;2;1;
5;20;1;2;5;
8;17;1;2;2;
6;13;1;2;4;
9;17;1;2;1;
16;16;1;2;5;
17;13;1;2;2;
19;10;1;2;2;
17;5;1;2;4;
7;7;1;2;1;
6;15;1;2;1;
9;19;1;2;0;
5;18;1;2;1;
3;5;1;2;5;
13;6;1;2;1;
3;5;1;2;3;
16;11;1;2;0;
9;16;1;2;0;
2;10;1;2;1;
20;3;1;2;3;
13;13;1;2;2;
20;2;1;2;1;
6;11;1;2;1;
20;9;1;2;5;
9;1;1;2;5;
19;1;1;2;0;
9;5;1;2;1;
6;11;1;2;0;
17;1;1;2;5;
5;7;1;2;0;
20;14;1;2;4;
6;17;1;2;3;
6;8;1;2;0;
19;6;1;2;2;
19;20;1;2;4;
9;17;1;2;4;
19;19;1;2;1;
20;10;1;2;0;
3;10;1;2;3;
19;8;1;2;4;
4;2;1;2;1;
11;7;1;2;2;
4;5;1;2;0;
9;4;1;2;3;
17;7;1;2;0;
6;13;1;2;2;
18;14;1;2;0;
9;18;1;2;1;
5;9;1;2;4;
MAINTENANCE
1;1;5;7;
2;1;5;18;
3;1;5;31;
4;1;5;39;
5;1;5;49;
6;2;5;57;
7;2;5;72;
8;2;5;80;
9;2;5;86;
10;2;5;93;
