50;
8;18;1;2;2;
6;8;1;2;1;
9;4;1;2;2;
3;3;1;2;3;
17;18;1;2;1;
16;6;1;2;4;
1;3;1;2;4;
11;7;1;2;1;
12;12;1;2;5;
14;1;1;2;0;
5;9;1;2;1;
1;12;1;2;2;
10;1;1;2;1;
19;19;1;2;1;
8;18;1;2;0;
19;20;1;2;5;
1;18;1;2;2;
18;9;1;2;5;
8;2;1;2;2;
1;9;1;2;3;
5;6;1;2;0;
12;5;1;2;1;
17;13;1;2;4;
4;6;1;2;0;
17;7;1;2;3;
7;18;1;2;3;
12;10;1;2;3;
17;3;1;2;1;
13;18;1;2;0;
6;2;1;2;3;
10;10;1;2;5;
20;13;1;2;0;
16;14;1;2;0;
5;15;1;2;0;
13;18;1;2;5;
13;4;1;2;3;
4;12;1;2;1;
8;9;1;2;1;
19;4;1;2;2;
15;12;1;2;1;
16;20;1;2;5;
2;11;1;2;0;
15;6;1;2;1;
11;19;1;2;1;
2;14;1;2;2;
18;15;1;2;0;
14;17;1;2;1;
3;9;1;2;5;
1;14;1;2;3;
16;16;1;2;2;
MAINTENANCE
1;1;5;7;
2;1;5;14;
3;1;5;27;
4;1;5;37;
5;1;5;51;
6;2;5;59;
7;2;5;68;
8;2;5;80;
9;2;5;89;
10;2;5;95;
