50;
14;16;1;2;1;
7;2;1;2;4;
20;14;1;2;2;
14;13;1;2;5;
14;18;1;2;3;
11;12;1;2;2;
9;8;1;2;4;
10;9;1;2;3;
8;10;1;2;1;
10;16;1;2;2;
10;17;1;2;5;
4;4;1;2;3;
15;2;1;2;0;
6;8;1;2;4;
14;5;1;2;4;
14;9;1;2;5;
5;13;1;2;5;
9;10;1;2;4;
12;15;1;2;4;
8;4;1;2;2;
20;15;1;2;1;
7;19;1;2;3;
19;10;1;2;3;
8;1;1;2;2;
5;16;1;2;2;
10;4;1;2;0;
13;1;1;2;0;
17;16;1;2;3;
7;12;1;2;1;
8;4;1;2;1;
11;11;1;2;2;
16;2;1;2;0;
3;18;1;2;4;
5;6;1;2;2;
13;6;1;2;4;
7;10;1;2;4;
4;6;1;2;1;
1;6;1;2;0;
2;16;1;2;0;
8;14;1;2;0;
12;16;1;2;4;
15;2;1;2;1;
11;15;1;2;0;
17;12;1;2;4;
16;6;1;2;2;
6;19;1;2;1;
13;18;1;2;0;
6;3;1;2;1;
13;20;1;2;3;
7;4;1;2;3;
MAINTENANCE
1;1;5;6;
2;1;5;21;
3;1;5;35;
4;1;5;50;
5;1;5;61;
6;2;5;71;
7;2;5;86;
8;2;5;97;
9;2;5;105;
10;2;5;116;
