50;
14;4;1;2;1;
4;6;1;2;2;
20;16;1;2;1;
9;19;1;2;5;
20;16;1;2;3;
14;7;1;2;2;
19;9;1;2;5;
20;19;1;2;5;
4;4;1;2;0;
4;10;1;2;2;
8;3;1;2;1;
8;7;1;2;3;
18;14;1;2;0;
17;11;1;2;4;
16;7;1;2;0;
18;3;1;2;4;
10;6;1;2;2;
4;3;1;2;5;
7;1;1;2;2;
9;12;1;2;3;
8;6;1;2;5;
10;3;1;2;1;
8;3;1;2;1;
20;4;1;2;0;
4;9;1;2;3;
11;17;1;2;2;
8;17;1;2;3;
12;3;1;2;5;
16;17;1;2;1;
16;5;1;2;3;
4;9;1;2;3;
11;20;1;2;2;
12;4;1;2;5;
16;3;1;2;1;
1;15;1;2;0;
6;18;1;2;1;
14;11;1;2;5;
11;14;1;2;0;
12;12;1;2;0;
19;2;1;2;2;
8;13;1;2;4;
20;3;1;2;1;
11;3;1;2;4;
3;16;1;2;3;
9;2;1;2;2;
15;20;1;2;4;
19;3;1;2;1;
2;8;1;2;5;
6;1;1;2;5;
5;11;1;2;3;
MAINTENANCE
1;2;5;10;
2;1;5;20;
3;1;5;29;
4;1;5;44;
5;1;5;59;
