50;
14;15;1;2;2;
8;14;1;2;2;
6;15;1;2;4;
3;18;1;2;5;
4;7;1;2;3;
15;7;1;2;2;
2;10;1;2;2;
18;7;1;2;4;
12;14;1;2;1;
6;7;1;2;2;
17;19;1;2;2;
5;7;1;2;5;
14;4;1;2;5;
5;19;1;2;1;
13;11;1;2;5;
16;6;1;2;1;
15;18;1;2;3;
11;10;1;2;2;
2;15;1;2;3;
4;13;1;2;3;
9;7;1;2;3;
10;20;1;2;3;
2;12;1;2;0;
18;17;1;2;3;
3;3;1;2;4;
17;10;1;2;5;
13;4;1;2;2;
12;9;1;2;0;
2;17;1;2;0;
10;6;1;2;5;
7;4;1;2;2;
13;12;1;2;4;
16;15;1;2;2;
10;12;1;2;1;
19;6;1;2;1;
6;5;1;2;1;
1;20;1;2;3;
18;10;1;2;1;
12;20;1;2;2;
15;8;1;2;3;
3;6;1;2;3;
20;5;1;2;5;
7;9;1;2;3;
15;10;1;2;2;
3;4;1;2;0;
18;12;1;2;4;
9;2;1;2;1;
15;9;1;2;2;
9;9;1;2;1;
5;5;1;2;3;
MAINTENANCE
1;2;5;7;
2;2;5;15;
3;1;5;21;
4;2;5;27;
5;2;5;33;
