50;
19;17;1;2;3;
5;17;1;2;4;
3;19;1;2;0;
2;7;1;2;2;
18;9;1;2;1;
8;10;1;2;2;
6;9;1;2;4;
7;20;1;2;3;
12;8;1;2;3;
12;7;1;2;2;
15;10;1;2;3;
17;2;1;2;3;
6;17;1;2;2;
18;16;1;2;0;
18;10;1;2;5;
7;9;1;2;3;
4;18;1;2;2;
8;16;1;2;0;
14;1;1;2;4;
10;9;1;2;3;
9;11;1;2;4;
20;18;1;2;5;
15;5;1;2;5;
6;20;1;2;0;
14;13;1;2;4;
4;12;1;2;1;
18;14;1;2;4;
5;4;1;2;1;
9;11;1;2;2;
9;2;1;2;0;
18;5;1;2;3;
2;10;1;2;5;
17;13;1;2;2;
8;13;1;2;4;
1;16;1;2;1;
16;18;1;2;5;
15;15;1;2;1;
14;19;1;2;0;
5;15;1;2;3;
10;13;1;2;2;
5;13;1;2;0;
3;16;1;2;1;
3;14;1;2;2;
1;3;1;2;1;
18;3;1;2;4;
18;18;1;2;4;
12;18;1;2;1;
17;18;1;2;5;
11;19;1;2;1;
8;5;1;2;4;
MAINTENANCE
1;1;5;10;
2;1;5;21;
3;1;5;35;
4;2;5;49;
5;2;5;57;
