50;
4;8;1;2;2;
10;9;1;2;2;
19;1;1;2;5;
8;14;1;2;2;
8;7;1;2;5;
3;5;1;2;2;
9;17;1;2;5;
10;9;1;2;3;
6;12;1;2;4;
20;7;1;2;2;
16;5;1;2;2;
6;4;1;2;3;
18;11;1;2;0;
11;15;1;2;2;
10;7;1;2;0;
16;13;1;2;4;
3;2;1;2;1;
9;6;1;2;1;
20;3;1;2;1;
7;20;1;2;3;
1;7;1;2;0;
6;3;1;2;5;
2;17;1;2;5;
11;13;1;2;4;
2;11;1;2;3;
6;6;1;2;2;
11;9;1;2;2;
2;17;1;2;4;
15;20;1;2;2;
10;13;1;2;3;
12;5;1;2;4;
3;2;1;2;1;
12;7;1;2;5;
11;19;1;2;4;
16;7;1;2;2;
13;5;1;2;1;
13;2;1;2;5;
16;11;1;2;5;
12;8;1;2;0;
4;8;1;2;5;
11;20;1;2;4;
15;5;1;2;1;
16;1;1;2;3;
12;13;1;2;2;
11;17;1;2;2;
2;20;1;2;5;
4;8;1;2;4;
6;17;1;2;0;
9;16;1;2;1;
10;12;1;2;4;
MAINTENANCE
1;1;5;9;
2;1;5;24;
3;2;5;39;
4;2;5;54;
5;2;5;61;
