50;
8;6;1;2;5;
4;10;1;2;2;
5;4;1;2;4;
15;11;1;2;1;
18;5;1;2;3;
8;6;1;2;2;
20;16;1;2;2;
2;13;1;2;5;
1;20;1;2;2;
18;9;1;2;2;
5;9;1;2;5;
2;14;1;2;5;
2;15;1;2;3;
3;15;1;2;0;
15;19;1;2;5;
5;9;1;2;2;
17;17;1;2;0;
10;18;1;2;3;
10;4;1;2;2;
2;5;1;2;2;
8;17;1;2;0;
3;9;1;2;0;
13;14;1;2;0;
20;4;1;2;5;
4;18;1;2;2;
15;2;1;2;1;
1;4;1;2;2;
1;13;1;2;3;
5;14;1;2;3;
6;13;1;2;4;
8;7;1;2;4;
9;7;1;2;4;
20;5;1;2;3;
10;14;1;2;3;
11;1;1;2;3;
11;8;1;2;0;
14;8;1;2;3;
2;6;1;2;3;
12;19;1;2;3;
19;4;1;2;4;
19;19;1;2;4;
18;13;1;2;3;
3;17;1;2;1;
1;19;1;2;5;
15;2;1;2;1;
13;3;1;2;5;
12;14;1;2;5;
2;12;1;2;2;
19;12;1;2;2;
15;5;1;2;1;
MAINTENANCE
1;1;5;5;
2;1;5;16;
3;1;5;27;
4;1;5;36;
5;1;5;42;
6;2;5;56;
7;2;5;71;
8;2;5;77;
9;2;5;90;
10;2;5;98;
