50;
4;3;1;2;4;
9;2;1;2;4;
8;6;1;2;2;
3;7;1;2;4;
18;5;1;2;5;
8;1;1;2;5;
5;4;1;2;3;
14;9;1;2;2;
16;7;1;2;4;
13;17;1;2;0;
2;3;1;2;0;
7;3;1;2;4;
4;11;1;2;2;
11;16;1;2;1;
11;16;1;2;4;
1;2;1;2;5;
19;13;1;2;2;
5;6;1;2;1;
3;4;1;2;0;
20;12;1;2;0;
13;13;1;2;3;
4;9;1;2;1;
17;17;1;2;4;
20;4;1;2;1;
18;7;1;2;3;
16;18;1;2;3;
1;11;1;2;0;
16;10;1;2;3;
1;14;1;2;1;
7;2;1;2;3;
3;6;1;2;3;
6;14;1;2;5;
16;4;1;2;2;
17;9;1;2;3;
13;2;1;2;2;
3;17;1;2;2;
20;17;1;2;2;
6;19;1;2;4;
17;7;1;2;5;
17;8;1;2;1;
3;6;1;2;0;
5;20;1;2;4;
18;11;1;2;2;
15;20;1;2;4;
19;12;1;2;2;
11;12;1;2;1;
14;16;1;2;4;
20;16;1;2;2;
17;17;1;2;4;
4;7;1;2;3;
MAINTENANCE
1;1;5;10;
2;1;5;21;
3;1;5;33;
4;1;5;46;
5;1;5;58;
