50;
7;10;1;2;1;
16;18;1;2;4;
7;6;1;2;2;
3;16;1;2;0;
15;2;1;2;2;
12;7;1;2;5;
14;16;1;2;3;
14;13;1;2;2;
13;6;1;2;5;
17;2;1;2;4;
7;3;1;2;1;
5;17;1;2;2;
10;2;1;2;3;
11;14;1;2;2;
5;20;1;2;0;
20;14;1;2;2;
15;11;1;2;5;
10;7;1;2;3;
15;3;1;2;2;
19;8;1;2;5;
19;12;1;2;2;
6;18;1;2;4;
15;5;1;2;0;
15;13;1;2;5;
14;11;1;2;5;
18;19;1;2;5;
14;11;1;2;5;
9;13;1;2;5;
3;1;1;2;5;
8;3;1;2;1;
8;6;1;2;1;
5;4;1;2;2;
2;2;1;2;1;
13;6;1;2;5;
6;12;1;2;2;
3;3;1;2;2;
5;1;1;2;5;
1;14;1;2;2;
11;11;1;2;1;
14;12;1;2;2;
17;8;1;2;1;
11;1;1;2;2;
16;5;1;2;5;
6;17;1;2;4;
19;3;1;2;1;
7;19;1;2;3;
12;5;1;2;4;
5;20;1;2;4;
1;8;1;2;4;
7;11;1;2;5;
MAINTENANCE
1;1;5;9;
2;1;5;20;
3;1;5;32;
4;1;5;45;
5;1;5;54;
6;2;5;68;
7;2;5;78;
8;2;5;93;
9;2;5;101;
10;2;5;113;
