50;
8;14;1;2;1;
6;7;1;2;3;
5;15;1;2;5;
20;7;1;2;5;
13;20;1;2;1;
17;2;1;2;3;
19;14;1;2;3;
13;17;1;2;3;
2;11;1;2;0;
15;16;1;2;4;
4;7;1;2;0;
17;18;1;2;4;
14;10;1;2;5;
5;18;1;2;1;
1;11;1;2;1;
6;19;1;2;0;
7;10;1;2;2;
2;6;1;2;2;
1;17;1;2;2;
5;8;1;2;0;
17;5;1;2;2;
4;5;1;2;1;
1;11;1;2;2;
4;7;1;2;1;
11;6;1;2;0;
9;17;1;2;3;
7;18;1;2;4;
20;15;1;2;1;
12;11;1;2;0;
19;17;1;2;1;
11;8;1;2;3;
15;7;1;2;2;
3;20;1;2;0;
16;7;1;2;4;
11;7;1;2;5;
17;3;1;2;3;
2;13;1;2;0;
5;18;1;2;2;
19;13;1;2;4;
2;1;1;2;2;
4;17;1;2;1;
8;20;1;2;2;
11;13;1;2;1;
19;20;1;2;1;
5;8;1;2;1;
16;14;1;2;1;
12;3;1;2;1;
17;2;1;2;3;
15;10;1;2;4;
17;10;1;2;1;
MAINTENANCE
1;1;5;9;
2;2;5;17;
3;1;5;31;
4;1;5;42;
5;2;5;49;
