50;
15;6;1;2;1;
12;14;1;2;3;
5;4;1;2;3;
3;2;1;2;0;
10;9;1;2;0;
5;12;1;2;4;
16;8;1;2;5;
1;3;1;2;1;
18;18;1;2;0;
3;1;1;2;2;
19;17;1;2;4;
16;11;1;2;5;
16;18;1;2;5;
3;8;1;2;3;
12;12;1;2;0;
1;14;1;2;5;
2;6;1;2;2;
4;1;1;2;1;
12;11;1;2;0;
16;12;1;2;2;
15;1;1;2;0;
15;9;1;2;3;
6;17;1;2;4;
3;13;1;2;5;
8;5;1;2;1;
9;17;1;2;4;
11;3;1;2;5;
14;20;1;2;4;
5;12;1;2;3;
5;11;1;2;2;
7;19;1;2;1;
4;4;1;2;3;
1;16;1;2;4;
20;4;1;2;4;
10;9;1;2;0;
14;20;1;2;5;
7;20;1;2;1;
18;3;1;2;3;
13;4;1;2;4;
9;4;1;2;5;
9;16;1;2;3;
9;9;1;2;5;
14;6;1;2;3;
3;11;1;2;0;
17;6;1;2;1;
4;10;1;2;3;
14;6;1;2;2;
19;6;1;2;0;
14;6;1;2;2;
9;15;1;2;1;
MAINTENANCE
1;1;5;6;
2;1;5;20;
3;1;5;27;
4;1;5;35;
5;1;5;47;
6;2;5;53;
7;2;5;61;
8;2;5;69;
9;2;5;76;
10;2;5;88;
