50;
20;5;1;2;5;
9;4;1;2;1;
2;3;1;2;2;
12;17;1;2;2;
1;17;1;2;3;
9;20;1;2;0;
5;2;1;2;0;
14;20;1;2;0;
19;1;1;2;2;
8;8;1;2;2;
14;9;1;2;1;
8;2;1;2;0;
18;14;1;2;4;
10;17;1;2;5;
12;1;1;2;5;
20;17;1;2;4;
4;5;1;2;4;
5;10;1;2;1;
3;16;1;2;1;
14;4;1;2;1;
8;15;1;2;5;
9;1;1;2;0;
19;1;1;2;2;
19;2;1;2;5;
19;10;1;2;1;
13;3;1;2;4;
13;19;1;2;5;
11;18;1;2;2;
12;16;1;2;4;
17;12;1;2;2;
15;13;1;2;3;
9;7;1;2;4;
7;16;1;2;5;
10;3;1;2;0;
17;2;1;2;0;
3;12;1;2;1;
20;18;1;2;0;
13;10;1;2;5;
13;1;1;2;2;
4;10;1;2;5;
9;2;1;2;3;
16;4;1;2;4;
6;3;1;2;1;
9;7;1;2;3;
18;13;1;2;2;
10;15;1;2;5;
10;17;1;2;3;
9;13;1;2;5;
16;15;1;2;1;
2;13;1;2;1;
MAINTENANCE
1;1;5;5;
2;2;5;14;
3;2;5;23;
4;2;5;35;
5;2;5;50;
