50;
1;12;1;2;1;
18;4;1;2;0;
14;16;1;2;5;
4;3;1;2;5;
20;15;1;2;4;
14;11;1;2;1;
15;19;1;2;2;
7;12;1;2;1;
9;8;1;2;1;
5;5;1;2;1;
16;5;1;2;2;
3;8;1;2;5;
6;7;1;2;4;
10;1;1;2;3;
11;20;1;2;2;
17;18;1;2;3;
3;1;1;2;1;
6;4;1;2;1;
17;16;1;2;4;
7;9;1;2;3;
16;19;1;2;5;
14;4;1;2;4;
19;18;1;2;0;
20;7;1;2;0;
7;4;1;2;4;
12;1;1;2;1;
19;8;1;2;4;
11;14;1;2;1;
14;15;1;2;0;
13;11;1;2;3;
2;7;1;2;5;
14;5;1;2;1;
16;4;1;2;0;
14;8;1;2;5;
1;20;1;2;3;
6;15;1;2;0;
1;8;1;2;5;
13;14;1;2;5;
18;4;1;2;1;
14;20;1;2;1;
6;9;1;2;4;
9;11;1;2;2;
5;15;1;2;1;
14;17;1;2;5;
7;7;1;2;5;
5;19;1;2;3;
7;6;1;2;1;
17;9;1;2;1;
12;20;1;2;5;
7;18;1;2;4;
MAINTENANCE
1;2;5;10;
2;1;5;17;
3;2;5;30;
4;2;5;40;
5;1;5;47;
