50;
11;16;1;2;1;
9;10;1;2;1;
12;16;1;2;3;
18;10;1;2;2;
8;15;1;2;2;
18;13;1;2;1;
5;17;1;2;2;
18;12;1;2;3;
13;6;1;2;2;
6;9;1;2;4;
7;19;1;2;1;
9;6;1;2;5;
18;13;1;2;5;
20;8;1;2;4;
14;16;1;2;4;
8;10;1;2;4;
16;3;1;2;2;
4;16;1;2;1;
14;6;1;2;3;
18;10;1;2;3;
11;14;1;2;2;
13;19;1;2;2;
2;16;1;2;0;
10;12;1;2;0;
20;13;1;2;1;
19;19;1;2;4;
13;9;1;2;0;
12;8;1;2;1;
12;15;1;2;1;
8;6;1;2;3;
9;2;1;2;5;
16;13;1;2;2;
17;8;1;2;1;
8;20;1;2;0;
8;13;1;2;2;
10;14;1;2;1;
15;13;1;2;3;
10;7;1;2;1;
20;10;1;2;4;
17;13;1;2;3;
18;4;1;2;3;
3;10;1;2;3;
2;13;1;2;0;
7;4;1;2;3;
15;13;1;2;0;
6;17;1;2;0;
2;16;1;2;3;
13;4;1;2;0;
10;3;1;2;3;
18;20;1;2;5;
MAINTENANCE
1;1;5;10;
2;2;5;18;
3;1;5;24;
4;2;5;35;
5;2;5;42;
