50;
6;9;1;2;0;
1;15;1;2;4;
13;13;1;2;2;
7;6;1;2;0;
10;20;1;2;1;
14;19;1;2;3;
2;6;1;2;3;
10;20;1;2;2;
6;3;1;2;3;
2;11;1;2;5;
14;9;1;2;4;
16;10;1;2;4;
10;4;1;2;5;
2;20;1;2;1;
13;15;1;2;4;
9;11;1;2;4;
20;16;1;2;4;
5;17;1;2;0;
7;8;1;2;5;
4;12;1;2;5;
14;2;1;2;1;
15;3;1;2;3;
18;4;1;2;3;
7;16;1;2;1;
14;7;1;2;4;
20;6;1;2;2;
14;4;1;2;4;
20;20;1;2;0;
14;6;1;2;3;
12;5;1;2;1;
12;8;1;2;1;
20;17;1;2;3;
13;13;1;2;5;
18;11;1;2;5;
18;7;1;2;3;
6;7;1;2;3;
20;14;1;2;5;
9;2;1;2;4;
10;17;1;2;5;
19;15;1;2;1;
4;15;1;2;2;
5;12;1;2;3;
3;12;1;2;1;
16;15;1;2;4;
4;19;1;2;3;
3;4;1;2;3;
4;13;1;2;0;
11;1;1;2;2;
6;3;1;2;4;
19;18;1;2;3;
MAINTENANCE
1;1;5;5;
2;2;5;17;
3;1;5;25;
4;2;5;33;
5;1;5;39;
