50;
10;11;1;2;0;
5;10;1;2;0;
6;4;1;2;4;
14;11;1;2;1;
8;12;1;2;1;
19;19;1;2;5;
13;20;1;2;3;
4;3;1;2;2;
4;15;1;2;4;
3;1;1;2;5;
13;12;1;2;2;
18;17;1;2;2;
19;1;1;2;5;
9;19;1;2;1;
16;18;1;2;3;
3;3;1;2;2;
1;11;1;2;2;
14;2;1;2;2;
9;18;1;2;1;
13;19;1;2;5;
10;6;1;2;3;
13;20;1;2;1;
4;11;1;2;2;
12;10;1;2;4;
11;13;1;2;4;
8;16;1;2;0;
2;11;1;2;0;
18;12;1;2;0;
20;4;1;2;4;
14;18;1;2;1;
11;15;1;2;3;
3;4;1;2;1;
11;3;1;2;5;
18;12;1;2;3;
11;18;1;2;4;
4;7;1;2;5;
2;20;1;2;5;
7;12;1;2;5;
2;1;1;2;1;
18;4;1;2;0;
19;2;1;2;1;
2;8;1;2;1;
8;20;1;2;0;
20;19;1;2;2;
11;2;1;2;4;
6;1;1;2;0;
20;3;1;2;4;
1;19;1;2;5;
2;15;1;2;1;
14;17;1;2;3;
MAINTENANCE
1;1;5;5;
2;1;5;19;
3;1;5;25;
4;1;5;39;
5;1;5;51;
6;2;5;62;
7;2;5;75;
8;2;5;82;
9;2;5;88;
10;2;5;96;
