50;
18;10;1;2;3;
15;18;1;2;0;
9;12;1;2;0;
4;9;1;2;5;
7;12;1;2;5;
13;4;1;2;5;
9;6;1;2;4;
6;19;1;2;3;
4;14;1;2;1;
11;9;1;2;5;
11;10;1;2;2;
15;10;1;2;3;
6;8;1;2;1;
14;15;1;2;2;
13;11;1;2;1;
3;18;1;2;5;
11;3;1;2;0;
2;11;1;2;3;
18;4;1;2;1;
16;10;1;2;5;
3;11;1;2;0;
19;7;1;2;1;
11;9;1;2;5;
19;14;1;2;2;
4;7;1;2;0;
11;13;1;2;0;
15;2;1;2;0;
4;8;1;2;1;
19;2;1;2;5;
11;15;1;2;4;
19;2;1;2;5;
17;8;1;2;4;
10;16;1;2;5;
16;7;1;2;0;
14;1;1;2;4;
9;9;1;2;2;
14;1;1;2;4;
16;11;1;2;1;
18;13;1;2;2;
9;13;1;2;5;
5;15;1;2;2;
13;8;1;2;2;
16;9;1;2;0;
18;4;1;2;1;
16;2;1;2;3;
1;13;1;2;0;
4;12;1;2;0;
14;12;1;2;2;
15;11;1;2;5;
20;1;1;2;0;
MAINTENANCE
1;1;5;6;
2;2;5;12;
3;2;5;27;
4;1;5;36;
5;2;5;44;
