50;
3;14;1;2;2;
3;18;1;2;2;
9;16;1;2;5;
8;2;1;2;1;
5;8;1;2;3;
14;18;1;2;3;
3;8;1;2;5;
14;5;1;2;0;
16;6;1;2;5;
5;2;1;2;0;
7;17;1;2;1;
14;1;1;2;0;
9;12;1;2;3;
9;12;1;2;0;
20;9;1;2;0;
12;14;1;2;1;
4;20;1;2;1;
17;16;1;2;5;
15;1;1;2;3;
1;17;1;2;5;
6;12;1;2;4;
20;17;1;2;4;
13;6;1;2;0;
16;3;1;2;1;
3;1;1;2;0;
18;3;1;2;2;
1;1;1;2;4;
19;14;1;2;0;
7;15;1;2;5;
18;1;1;2;1;
13;1;1;2;5;
16;7;1;2;1;
9;2;1;2;2;
16;17;1;2;1;
10;13;1;2;4;
16;3;1;2;5;
3;2;1;2;0;
13;9;1;2;2;
9;18;1;2;0;
11;11;1;2;5;
20;10;1;2;1;
4;1;1;2;1;
20;6;1;2;5;
2;2;1;2;4;
14;14;1;2;1;
8;3;1;2;3;
4;1;1;2;4;
19;5;1;2;1;
10;13;1;2;0;
10;11;1;2;5;
MAINTENANCE
1;1;5;10;
2;1;5;23;
3;2;5;35;
4;2;5;41;
5;1;5;47;
