50;
5;9;1;2;2;
2;17;1;2;0;
1;5;1;2;0;
6;20;1;2;4;
15;5;1;2;1;
10;15;1;2;1;
4;13;1;2;3;
18;15;1;2;5;
12;20;1;2;2;
18;4;1;2;4;
5;13;1;2;4;
10;9;1;2;5;
18;5;1;2;2;
8;9;1;2;1;
3;12;1;2;3;
14;18;1;2;0;
5;5;1;2;3;
16;12;1;2;3;
13;19;1;2;4;
20;11;1;2;3;
15;10;1;2;4;
15;14;1;2;3;
19;6;1;2;3;
19;12;1;2;4;
4;9;1;2;3;
9;6;1;2;3;
1;7;1;2;5;
9;2;1;2;0;
18;8;1;2;2;
19;3;1;2;5;
7;7;1;2;1;
17;6;1;2;3;
4;19;1;2;2;
18;17;1;2;1;
7;11;1;2;1;
12;1;1;2;4;
4;2;1;2;1;
19;10;1;2;3;
15;6;1;2;5;
5;5;1;2;0;
18;8;1;2;3;
3;7;1;2;4;
19;20;1;2;3;
10;19;1;2;2;
16;11;1;2;2;
10;17;1;2;4;
13;3;1;2;1;
13;17;1;2;1;
14;17;1;2;2;
6;13;1;2;5;
MAINTENANCE
1;2;5;6;
2;2;5;13;
3;1;5;22;
4;1;5;34;
5;2;5;48;
