50;
10;20;1;2;5;
18;10;1;2;3;
20;14;1;2;4;
13;6;1;2;1;
12;19;1;2;1;
14;8;1;2;4;
17;18;1;2;3;
10;5;1;2;0;
12;3;1;2;0;
3;16;1;2;5;
18;19;1;2;0;
3;11;1;2;4;
6;1;1;2;1;
7;1;1;2;3;
3;5;1;2;4;
5;11;1;2;3;
1;7;1;2;0;
3;17;1;2;1;
12;8;1;2;1;
6;16;1;2;0;
9;20;1;2;5;
9;2;1;2;2;
18;18;1;2;3;
13;12;1;2;4;
3;20;1;2;5;
20;20;1;2;4;
1;17;1;2;4;
13;16;1;2;1;
6;2;1;2;5;
8;9;1;2;4;
10;2;1;2;1;
9;8;1;2;3;
7;10;1;2;3;
7;5;1;2;1;
15;5;1;2;4;
7;6;1;2;3;
15;10;1;2;0;
19;8;1;2;3;
5;6;1;2;5;
18;16;1;2;3;
4;14;1;2;3;
20;17;1;2;1;
14;15;1;2;0;
13;5;1;2;5;
9;11;1;2;2;
13;17;1;2;1;
16;7;1;2;1;
1;16;1;2;2;
15;19;1;2;1;
11;19;1;2;1;
MAINTENANCE
1;1;5;8;
2;1;5;16;
3;1;5;30;
4;1;5;36;
5;1;5;43;
6;2;5;50;
7;2;5;65;
8;2;5;72;
9;2;5;78;
10;2;5;87;
