50;
16;13;1;2;2;
11;18;1;2;4;
13;16;1;2;5;
12;1;1;2;4;
6;11;1;2;3;
10;11;1;2;1;
14;15;1;2;3;
1;5;1;2;2;
16;20;1;2;2;
6;5;1;2;1;
4;10;1;2;3;
9;13;1;2;3;
10;17;1;2;1;
8;8;1;2;3;
10;1;1;2;3;
15;2;1;2;5;
16;4;1;2;5;
13;5;1;2;3;
13;20;1;2;0;
9;8;1;2;4;
16;7;1;2;0;
11;8;1;2;3;
5;4;1;2;5;
4;7;1;2;5;
11;12;1;2;3;
1;5;1;2;0;
20;14;1;2;1;
5;19;1;2;4;
11;6;1;2;1;
20;4;1;2;4;
19;8;1;2;0;
9;12;1;2;2;
14;16;1;2;5;
13;7;1;2;0;
10;3;1;2;5;
6;10;1;2;2;
6;1;1;2;1;
9;19;1;2;0;
2;4;1;2;0;
13;13;1;2;1;
11;4;1;2;3;
4;4;1;2;5;
1;10;1;2;5;
6;9;1;2;3;
8;9;1;2;3;
18;10;1;2;3;
10;2;1;2;4;
3;9;1;2;2;
2;19;1;2;2;
9;7;1;2;0;
MAINTENANCE
1;1;5;10;
2;1;5;19;
3;1;5;25;
4;1;5;31;
5;1;5;45;
6;2;5;58;
7;2;5;70;
8;2;5;79;
9;2;5;90;
10;2;5;102;
