50;
17;4;1;2;4;
20;7;1;2;0;
16;10;1;2;1;
2;18;1;2;1;
15;19;1;2;0;
15;12;1;2;3;
18;1;1;2;2;
16;17;1;2;2;
19;1;1;2;1;
14;5;1;2;3;
8;6;1;2;2;
11;17;1;2;5;
11;10;1;2;4;
18;20;1;2;5;
14;18;1;2;5;
12;18;1;2;1;
12;17;1;2;5;
12;5;1;2;2;
8;1;1;2;4;
17;15;1;2;1;
18;1;1;2;5;
4;2;1;2;3;
10;20;1;2;5;
16;20;1;2;5;
6;7;1;2;3;
5;4;1;2;3;
16;5;1;2;1;
6;11;1;2;5;
18;13;1;2;0;
5;14;1;2;2;
16;9;1;2;2;
4;11;1;2;0;
6;15;1;2;4;
19;19;1;2;0;
9;12;1;2;1;
18;9;1;2;4;
20;1;1;2;4;
11;13;1;2;2;
5;16;1;2;2;
3;12;1;2;0;
9;5;1;2;0;
17;7;1;2;0;
9;19;1;2;1;
13;8;1;2;0;
20;13;1;2;5;
17;11;1;2;5;
7;11;1;2;4;
6;6;1;2;2;
15;15;1;2;5;
10;17;1;2;1;
MAINTENANCE
1;1;5;5;
2;1;5;19;
3;1;5;29;
4;1;5;36;
5;1;5;43;
6;2;5;54;
7;2;5;65;
8;2;5;75;
9;2;5;83;
10;2;5;98;
