50;
12;6;1;2;1;
11;4;1;2;3;
16;19;1;2;5;
7;3;1;2;5;
8;17;1;2;5;
9;16;1;2;3;
14;11;1;2;2;
6;2;1;2;1;
8;8;1;2;5;
15;12;1;2;5;
19;6;1;2;1;
19;19;1;2;0;
13;4;1;2;4;
5;2;1;2;5;
11;5;1;2;5;
8;18;1;2;4;
12;4;1;2;3;
4;2;1;2;1;
2;6;1;2;4;
16;2;1;2;4;
13;12;1;2;5;
16;14;1;2;2;
20;3;1;2;0;
15;3;1;2;1;
6;19;1;2;0;
11;20;1;2;0;
5;4;1;2;1;
19;5;1;2;1;
11;14;1;2;5;
15;11;1;2;0;
8;6;1;2;1;
17;11;1;2;5;
19;4;1;2;1;
18;10;1;2;0;
5;9;1;2;1;
15;1;1;2;0;
14;16;1;2;2;
2;17;1;2;0;
5;16;1;2;2;
20;2;1;2;0;
5;20;1;2;3;
4;8;1;2;2;
6;19;1;2;5;
9;20;1;2;3;
18;12;1;2;0;
16;1;1;2;1;
14;13;1;2;0;
1;16;1;2;3;
5;15;1;2;1;
11;17;1;2;5;
MAINTENANCE
1;1;5;8;
2;1;5;23;
3;1;5;29;
4;1;5;39;
5;1;5;47;
6;2;5;54;
7;2;5;69;
8;2;5;82;
9;2;5;88;
10;2;5;103;
