50;
13;14;1;2;2;
19;18;1;2;2;
9;4;1;2;3;
6;15;1;2;3;
19;3;1;2;3;
17;19;1;2;5;
19;2;1;2;4;
4;18;1;2;5;
5;2;1;2;4;
2;3;1;2;0;
9;16;1;2;0;
17;18;1;2;3;
14;5;1;2;4;
20;2;1;2;2;
4;9;1;2;3;
20;18;1;2;1;
12;5;1;2;3;
16;13;1;2;1;
2;16;1;2;5;
17;18;1;2;3;
1;13;1;2;5;
2;10;1;2;4;
8;19;1;2;0;
5;15;1;2;1;
6;19;1;2;2;
3;10;1;2;2;
10;19;1;2;5;
6;1;1;2;2;
14;6;1;2;4;
6;8;1;2;5;
18;5;1;2;2;
11;15;1;2;1;
2;6;1;2;2;
11;3;1;2;4;
7;19;1;2;3;
5;18;1;2;4;
15;10;1;2;0;
8;14;1;2;4;
7;3;1;2;2;
1;20;1;2;2;
11;5;1;2;1;
17;9;1;2;0;
19;15;1;2;5;
20;15;1;2;0;
8;15;1;2;2;
2;19;1;2;4;
3;2;1;2;2;
7;17;1;2;5;
14;9;1;2;3;
14;7;1;2;2;
MAINTENANCE
1;1;5;8;
2;1;5;16;
3;1;5;23;
4;1;5;32;
5;2;5;45;
