50;
12;15;1;2;3;
17;2;1;2;4;
12;20;1;2;3;
19;11;1;2;0;
8;8;1;2;4;
12;2;1;2;5;
19;2;1;2;2;
14;13;1;2;5;
1;14;1;2;0;
3;17;1;2;1;
14;7;1;2;3;
16;9;1;2;4;
2;10;1;2;1;
10;8;1;2;4;
12;14;1;2;0;
11;20;1;2;2;
8;15;1;2;1;
1;4;1;2;0;
10;8;1;2;2;
1;12;1;2;5;
15;8;1;2;0;
4;10;1;2;3;
7;8;1;2;2;
13;11;1;2;5;
7;3;1;2;5;
1;14;1;2;3;
12;20;1;2;0;
8;10;1;2;0;
18;6;1;2;2;
9;13;1;2;4;
7;14;1;2;4;
20;12;1;2;0;
8;17;1;2;2;
15;1;1;2;3;
8;10;1;2;0;
3;3;1;2;3;
4;1;1;2;5;
14;11;1;2;3;
4;17;1;2;0;
7;18;1;2;2;
1;12;1;2;2;
5;15;1;2;2;
14;5;1;2;3;
1;13;1;2;4;
12;17;1;2;1;
4;18;1;2;3;
2;6;1;2;4;
15;5;1;2;5;
4;5;1;2;4;
9;9;1;2;1;
MAINTENANCE
1;1;5;7;
2;1;5;16;
3;1;5;26;
4;1;5;36;
5;1;5;48;
6;2;5;61;
7;2;5;68;
8;2;5;82;
9;2;5;89;
10;2;5;97;
