50;
4;16;1;2;5;
2;16;1;2;3;
9;15;1;2;0;
6;5;1;2;3;
3;2;1;2;2;
10;10;1;2;0;
4;11;1;2;5;
6;11;1;2;3;
17;18;1;2;0;
14;17;1;2;0;
5;12;1;2;5;
16;6;1;2;5;
5;18;1;2;1;
5;11;1;2;0;
9;2;1;2;5;
13;14;1;2;2;
15;17;1;2;0;
17;13;1;2;3;
1;15;1;2;3;
4;12;1;2;3;
10;20;1;2;3;
6;6;1;2;4;
11;16;1;2;5;
5;7;1;2;3;
15;10;1;2;0;
16;14;1;2;1;
2;13;1;2;4;
19;12;1;2;0;
7;11;1;2;0;
15;20;1;2;4;
13;3;1;2;5;
16;5;1;2;4;
5;3;1;2;1;
1;15;1;2;0;
2;3;1;2;5;
18;10;1;2;3;
16;15;1;2;0;
4;15;1;2;3;
13;13;1;2;3;
9;13;1;2;0;
8;9;1;2;5;
9;4;1;2;5;
15;5;1;2;2;
20;19;1;2;5;
7;7;1;2;4;
8;13;1;2;1;
13;17;1;2;2;
8;2;1;2;1;
3;12;1;2;0;
4;9;1;2;3;
MAINTENANCE
1;1;5;5;
2;1;5;17;
3;1;5;24;
4;1;5;36;
5;1;5;47;
