50;
12;3;1;2;0;
8;10;1;2;4;
13;13;1;2;4;
18;18;1;2;4;
2;8;1;2;5;
18;9;1;2;3;
2;16;1;2;5;
15;4;1;2;1;
13;10;1;2;4;
3;16;1;2;2;
16;11;1;2;2;
1;9;1;2;0;
5;15;1;2;3;
4;6;1;2;2;
3;1;1;2;1;
11;5;1;2;5;
3;7;1;2;0;
19;12;1;2;5;
7;3;1;2;5;
19;20;1;2;3;
2;16;1;2;2;
9;2;1;2;2;
8;12;1;2;3;
20;13;1;2;4;
15;2;1;2;4;
19;1;1;2;0;
15;7;1;2;0;
11;4;1;2;5;
9;6;1;2;2;
16;5;1;2;2;
9;1;1;2;1;
19;10;1;2;3;
1;20;1;2;4;
5;20;1;2;2;
1;9;1;2;2;
18;14;1;2;2;
3;6;1;2;2;
8;11;1;2;4;
8;20;1;2;4;
11;17;1;2;2;
12;6;1;2;1;
3;20;1;2;5;
11;17;1;2;3;
17;14;1;2;2;
18;7;1;2;0;
14;4;1;2;0;
15;19;1;2;5;
18;2;1;2;5;
1;7;1;2;5;
2;14;1;2;5;
MAINTENANCE
1;2;5;7;
2;2;5;20;
3;2;5;27;
4;2;5;33;
5;2;5;47;
