50;
18;13;1;2;4;
10;14;1;2;0;
2;11;1;2;1;
4;9;1;2;2;
19;1;1;2;1;
6;15;1;2;3;
14;8;1;2;5;
16;9;1;2;5;
17;10;1;2;0;
19;10;1;2;1;
7;1;1;2;0;
10;8;1;2;4;
20;5;1;2;3;
6;7;1;2;0;
17;7;1;2;4;
8;2;1;2;2;
1;7;1;2;3;
3;2;1;2;4;
10;16;1;2;4;
14;5;1;2;1;
6;3;1;2;1;
12;7;1;2;4;
19;3;1;2;5;
8;2;1;2;4;
17;11;1;2;0;
10;5;1;2;0;
11;14;1;2;2;
13;15;1;2;1;
9;9;1;2;3;
13;12;1;2;0;
20;19;1;2;2;
5;16;1;2;2;
10;20;1;2;4;
4;19;1;2;0;
20;19;1;2;4;
17;3;1;2;5;
19;3;1;2;0;
13;18;1;2;1;
8;19;1;2;2;
8;19;1;2;2;
13;1;1;2;0;
20;13;1;2;0;
3;1;1;2;1;
16;3;1;2;3;
17;18;1;2;2;
18;9;1;2;3;
17;11;1;2;3;
6;19;1;2;1;
1;1;1;2;4;
8;3;1;2;5;
MAINTENANCE
1;1;5;10;
2;1;5;17;
3;1;5;31;
4;1;5;41;
5;2;5;55;
