50;
5;18;1;2;1;
20;11;1;2;0;
9;3;1;2;4;
6;15;1;2;2;
12;5;1;2;1;
16;10;1;2;5;
15;20;1;2;0;
7;1;1;2;1;
14;2;1;2;5;
19;7;1;2;2;
4;2;1;2;0;
19;15;1;2;5;
6;3;1;2;2;
1;15;1;2;3;
1;7;1;2;3;
16;17;1;2;1;
16;13;1;2;2;
6;11;1;2;4;
6;7;1;2;4;
13;3;1;2;1;
6;7;1;2;5;
14;7;1;2;2;
14;11;1;2;1;
15;4;1;2;1;
1;10;1;2;0;
6;3;1;2;2;
9;15;1;2;4;
9;16;1;2;0;
3;18;1;2;2;
13;1;1;2;3;
20;2;1;2;4;
12;6;1;2;4;
15;6;1;2;1;
20;3;1;2;4;
20;11;1;2;1;
6;17;1;2;0;
9;20;1;2;5;
17;10;1;2;5;
15;3;1;2;0;
18;19;1;2;3;
19;12;1;2;2;
4;14;1;2;1;
2;8;1;2;0;
16;2;1;2;5;
19;13;1;2;2;
11;19;1;2;5;
6;4;1;2;5;
6;19;1;2;5;
18;20;1;2;5;
13;15;1;2;2;
MAINTENANCE
1;1;5;6;
2;1;5;21;
3;1;5;33;
4;1;5;44;
5;2;5;50;
