50;
19;8;1;2;4;
6;3;1;2;5;
15;13;1;2;0;
13;10;1;2;4;
6;7;1;2;4;
12;1;1;2;4;
2;7;1;2;2;
16;14;1;2;1;
5;17;1;2;4;
20;12;1;2;2;
8;8;1;2;3;
8;1;1;2;5;
8;18;1;2;4;
4;4;1;2;5;
4;2;1;2;1;
2;18;1;2;0;
1;15;1;2;1;
10;14;1;2;0;
9;11;1;2;2;
13;2;1;2;0;
17;4;1;2;0;
16;5;1;2;1;
15;2;1;2;3;
9;1;1;2;2;
6;19;1;2;5;
12;6;1;2;5;
17;13;1;2;1;
12;8;1;2;0;
6;5;1;2;4;
8;7;1;2;2;
13;18;1;2;1;
16;19;1;2;1;
19;14;1;2;3;
20;14;1;2;3;
9;4;1;2;2;
20;6;1;2;2;
20;4;1;2;0;
20;19;1;2;3;
8;4;1;2;2;
19;7;1;2;5;
3;17;1;2;4;
19;18;1;2;0;
15;19;1;2;1;
9;2;1;2;5;
19;18;1;2;4;
20;6;1;2;3;
10;17;1;2;0;
20;6;1;2;1;
13;19;1;2;3;
17;3;1;2;3;
MAINTENANCE
1;1;5;7;
2;1;5;21;
3;1;5;27;
4;1;5;38;
5;1;5;44;
6;2;5;59;
7;2;5;74;
8;2;5;87;
9;2;5;96;
10;2;5;105;
