50;
16;14;1;2;5;
18;19;1;2;0;
5;11;1;2;5;
6;9;1;2;1;
4;2;1;2;3;
1;10;1;2;3;
4;6;1;2;1;
14;7;1;2;2;
10;15;1;2;2;
11;20;1;2;1;
9;17;1;2;3;
13;3;1;2;5;
16;4;1;2;5;
20;2;1;2;4;
16;1;1;2;5;
14;7;1;2;3;
6;10;1;2;0;
2;20;1;2;3;
2;8;1;2;3;
20;5;1;2;3;
16;1;1;2;5;
13;1;1;2;3;
9;19;1;2;5;
10;5;1;2;4;
4;18;1;2;3;
20;16;1;2;5;
11;7;1;2;4;
8;7;1;2;1;
1;20;1;2;1;
8;20;1;2;2;
6;20;1;2;4;
15;11;1;2;1;
13;6;1;2;0;
1;18;1;2;4;
10;4;1;2;0;
11;2;1;2;5;
5;8;1;2;5;
11;17;1;2;4;
4;19;1;2;2;
12;11;1;2;0;
16;4;1;2;5;
10;15;1;2;4;
18;11;1;2;4;
13;14;1;2;0;
2;13;1;2;5;
18;6;1;2;3;
19;6;1;2;1;
2;7;1;2;2;
9;15;1;2;0;
8;16;1;2;3;
MAINTENANCE
1;1;5;10;
2;1;5;21;
3;1;5;27;
4;1;5;35;
5;1;5;45;
6;2;5;59;
7;2;5;65;
8;2;5;75;
9;2;5;90;
10;2;5;101;
