50;
19;14;1;2;3;
5;9;1;2;3;
20;18;1;2;4;
5;16;1;2;2;
7;12;1;2;1;
16;2;1;2;1;
17;5;1;2;5;
5;3;1;2;5;
14;3;1;2;2;
9;13;1;2;2;
7;14;1;2;3;
5;6;1;2;4;
13;16;1;2;3;
6;17;1;2;0;
2;15;1;2;0;
17;13;1;2;2;
19;3;1;2;5;
16;12;1;2;2;
2;6;1;2;1;
18;7;1;2;4;
11;3;1;2;4;
14;14;1;2;2;
13;9;1;2;2;
14;15;1;2;1;
15;4;1;2;0;
9;5;1;2;5;
14;10;1;2;4;
1;1;1;2;0;
19;11;1;2;5;
2;5;1;2;5;
17;4;1;2;5;
3;2;1;2;1;
9;3;1;2;3;
15;1;1;2;2;
4;12;1;2;1;
19;20;1;2;0;
20;12;1;2;3;
6;2;1;2;2;
13;6;1;2;5;
19;10;1;2;2;
19;18;1;2;2;
2;15;1;2;4;
2;20;1;2;1;
16;10;1;2;1;
10;19;1;2;0;
12;5;1;2;3;
16;16;1;2;3;
11;20;1;2;2;
9;3;1;2;4;
6;11;1;2;4;
MAINTENANCE
1;1;5;5;
2;1;5;11;
3;1;5;22;
4;1;5;29;
5;1;5;36;
6;2;5;47;
7;2;5;62;
8;2;5;68;
9;2;5;82;
10;2;5;91;
