50;
2;16;1;2;2;
13;6;1;2;5;
19;5;1;2;3;
10;3;1;2;5;
3;10;1;2;5;
11;3;1;2;0;
17;1;1;2;1;
13;16;1;2;1;
17;16;1;2;0;
18;15;1;2;3;
3;12;1;2;5;
18;2;1;2;4;
5;14;1;2;5;
18;16;1;2;1;
6;3;1;2;3;
1;19;1;2;3;
20;10;1;2;2;
5;15;1;2;2;
16;16;1;2;3;
7;13;1;2;0;
5;2;1;2;0;
7;7;1;2;5;
12;5;1;2;1;
15;17;1;2;4;
5;14;1;2;0;
5;18;1;2;0;
17;15;1;2;2;
17;14;1;2;2;
11;17;1;2;5;
12;7;1;2;5;
1;16;1;2;0;
12;2;1;2;3;
6;9;1;2;3;
15;10;1;2;4;
19;12;1;2;5;
14;9;1;2;3;
15;18;1;2;2;
18;17;1;2;3;
10;3;1;2;2;
10;9;1;2;3;
6;2;1;2;3;
1;1;1;2;5;
2;3;1;2;4;
10;5;1;2;5;
1;3;1;2;2;
13;4;1;2;5;
4;12;1;2;2;
13;4;1;2;4;
20;10;1;2;0;
17;6;1;2;2;
MAINTENANCE
1;1;5;5;
2;1;5;14;
3;1;5;24;
4;1;5;38;
5;1;5;52;
6;2;5;66;
7;2;5;80;
8;2;5;89;
9;2;5;100;
10;2;5;107;
