50;
2;12;1;2;0;
10;16;1;2;1;
11;15;1;2;0;
4;13;1;2;4;
20;6;1;2;0;
1;9;1;2;5;
9;6;1;2;5;
1;5;1;2;1;
15;4;1;2;4;
3;6;1;2;4;
1;3;1;2;2;
10;15;1;2;2;
4;9;1;2;2;
20;12;1;2;3;
4;3;1;2;2;
17;11;1;2;2;
19;11;1;2;3;
12;3;1;2;0;
10;6;1;2;5;
13;10;1;2;2;
13;10;1;2;0;
1;7;1;2;1;
5;3;1;2;4;
14;15;1;2;3;
17;12;1;2;5;
15;12;1;2;2;
20;3;1;2;4;
1;10;1;2;0;
10;6;1;2;0;
11;8;1;2;0;
1;20;1;2;4;
16;14;1;2;3;
9;13;1;2;4;
7;19;1;2;3;
2;8;1;2;2;
18;13;1;2;5;
11;19;1;2;1;
14;11;1;2;2;
12;10;1;2;3;
2;8;1;2;4;
1;14;1;2;5;
11;9;1;2;5;
1;9;1;2;1;
5;4;1;2;4;
3;17;1;2;4;
7;6;1;2;2;
19;3;1;2;0;
20;9;1;2;4;
2;15;1;2;2;
7;3;1;2;0;
MAINTENANCE
1;1;5;9;
2;1;5;21;
3;1;5;33;
4;2;5;46;
5;2;5;53;
