50;
12;1;1;2;0;
1;18;1;2;1;
10;1;1;2;1;
12;13;1;2;4;
10;19;1;2;3;
12;18;1;2;1;
14;1;1;2;5;
7;17;1;2;2;
3;19;1;2;5;
19;10;1;2;3;
10;5;1;2;0;
1;9;1;2;1;
9;18;1;2;5;
11;8;1;2;0;
15;3;1;2;5;
20;2;1;2;4;
11;4;1;2;3;
17;13;1;2;0;
2;15;1;2;3;
3;17;1;2;4;
16;5;1;2;1;
17;1;1;2;0;
13;8;1;2;4;
1;18;1;2;2;
11;2;1;2;0;
10;4;1;2;0;
6;2;1;2;1;
17;17;1;2;0;
19;20;1;2;2;
18;11;1;2;3;
10;2;1;2;1;
19;17;1;2;3;
20;5;1;2;1;
14;9;1;2;4;
4;10;1;2;2;
9;16;1;2;1;
14;3;1;2;4;
12;7;1;2;2;
7;18;1;2;3;
10;17;1;2;0;
12;10;1;2;4;
7;14;1;2;1;
16;10;1;2;1;
1;13;1;2;2;
12;8;1;2;2;
3;16;1;2;5;
15;1;1;2;5;
6;6;1;2;5;
2;19;1;2;0;
19;1;1;2;3;
MAINTENANCE
1;1;5;8;
2;1;5;19;
3;1;5;25;
4;1;5;36;
5;1;5;51;
6;2;5;57;
7;2;5;72;
8;2;5;81;
9;2;5;92;
10;2;5;102;
