50;
18;13;1;2;5;
20;8;1;2;1;
3;2;1;2;5;
13;12;1;2;5;
6;17;1;2;4;
2;6;1;2;1;
1;9;1;2;3;
14;13;1;2;2;
17;18;1;2;3;
13;20;1;2;0;
2;3;1;2;3;
1;1;1;2;4;
1;1;1;2;1;
10;9;1;2;5;
3;15;1;2;1;
11;3;1;2;4;
1;5;1;2;3;
20;17;1;2;3;
14;10;1;2;3;
15;9;1;2;5;
5;11;1;2;0;
18;18;1;2;1;
7;11;1;2;5;
9;11;1;2;1;
5;20;1;2;3;
16;5;1;2;5;
19;7;1;2;3;
15;8;1;2;5;
10;8;1;2;4;
6;5;1;2;4;
17;16;1;2;4;
5;8;1;2;2;
8;16;1;2;2;
2;18;1;2;1;
17;20;1;2;2;
20;14;1;2;3;
2;5;1;2;3;
16;6;1;2;2;
13;4;1;2;1;
17;20;1;2;4;
19;2;1;2;1;
7;1;1;2;0;
10;6;1;2;0;
19;8;1;2;0;
10;20;1;2;2;
14;19;1;2;5;
3;2;1;2;5;
4;12;1;2;2;
8;4;1;2;0;
6;3;1;2;4;
MAINTENANCE
1;1;5;10;
2;1;5;21;
3;1;5;27;
4;1;5;35;
5;1;5;47;
6;2;5;55;
7;2;5;69;
8;2;5;78;
9;2;5;90;
10;2;5;103;
