50;
3;6;1;2;5;
4;11;1;2;0;
10;19;1;2;2;
2;7;1;2;4;
8;12;1;2;0;
13;19;1;2;3;
14;2;1;2;4;
17;14;1;2;1;
16;5;1;2;3;
14;5;1;2;4;
18;14;1;2;2;
14;13;1;2;5;
5;11;1;2;3;
9;10;1;2;5;
1;4;1;2;1;
4;17;1;2;3;
1;9;1;2;5;
14;12;1;2;3;
13;12;1;2;2;
20;17;1;2;4;
15;10;1;2;2;
13;2;1;2;1;
11;1;1;2;1;
16;3;1;2;1;
12;18;1;2;1;
4;2;1;2;2;
6;4;1;2;4;
14;5;1;2;0;
5;14;1;2;4;
3;6;1;2;1;
14;8;1;2;0;
4;10;1;2;3;
11;16;1;2;0;
2;20;1;2;4;
16;5;1;2;2;
19;5;1;2;4;
4;19;1;2;5;
16;11;1;2;0;
16;1;1;2;5;
6;13;1;2;0;
7;13;1;2;2;
6;6;1;2;2;
10;15;1;2;3;
13;10;1;2;2;
10;2;1;2;1;
11;7;1;2;0;
4;14;1;2;1;
1;16;1;2;3;
11;10;1;2;3;
1;2;1;2;1;
MAINTENANCE
1;1;5;10;
2;1;5;19;
3;1;5;29;
4;1;5;36;
5;1;5;47;
6;2;5;58;
7;2;5;67;
8;2;5;77;
9;2;5;92;
10;2;5;105;
