50;
2;8;1;2;4;
1;10;1;2;4;
19;19;1;2;4;
5;6;1;2;5;
2;8;1;2;1;
12;16;1;2;2;
8;17;1;2;3;
5;3;1;2;3;
13;3;1;2;3;
17;19;1;2;5;
8;7;1;2;5;
19;10;1;2;4;
8;20;1;2;1;
15;4;1;2;3;
3;14;1;2;3;
5;2;1;2;1;
14;9;1;2;5;
5;3;1;2;3;
18;20;1;2;5;
2;10;1;2;4;
17;16;1;2;2;
3;9;1;2;4;
1;3;1;2;4;
9;7;1;2;3;
11;10;1;2;4;
11;7;1;2;3;
14;9;1;2;3;
4;5;1;2;4;
17;1;1;2;4;
17;12;1;2;4;
5;20;1;2;2;
4;18;1;2;4;
19;3;1;2;3;
2;14;1;2;5;
20;19;1;2;0;
11;18;1;2;2;
14;7;1;2;5;
6;5;1;2;4;
11;10;1;2;5;
14;18;1;2;0;
7;11;1;2;5;
17;16;1;2;5;
16;15;1;2;5;
13;11;1;2;4;
2;5;1;2;4;
11;8;1;2;5;
8;18;1;2;1;
8;14;1;2;3;
6;10;1;2;1;
19;2;1;2;0;
MAINTENANCE
1;1;5;7;
2;1;5;19;
3;1;5;31;
4;1;5;37;
5;1;5;46;
6;2;5;60;
7;2;5;66;
8;2;5;73;
9;2;5;81;
10;2;5;92;
