50;
5;19;1;2;3;
4;7;1;2;3;
18;12;1;2;5;
12;12;1;2;0;
13;16;1;2;0;
2;1;1;2;1;
14;15;1;2;3;
12;2;1;2;0;
8;20;1;2;0;
16;10;1;2;0;
2;13;1;2;2;
4;5;1;2;5;
11;11;1;2;3;
19;4;1;2;3;
2;19;1;2;2;
4;14;1;2;1;
10;13;1;2;4;
4;5;1;2;5;
10;11;1;2;2;
3;5;1;2;5;
20;9;1;2;5;
2;9;1;2;1;
7;8;1;2;3;
10;5;1;2;5;
12;1;1;2;1;
5;7;1;2;2;
19;12;1;2;1;
18;5;1;2;0;
16;5;1;2;0;
20;11;1;2;3;
20;15;1;2;1;
11;6;1;2;0;
5;20;1;2;4;
6;16;1;2;1;
3;2;1;2;4;
14;14;1;2;4;
12;10;1;2;4;
20;4;1;2;3;
6;11;1;2;4;
12;18;1;2;5;
12;7;1;2;4;
11;5;1;2;0;
19;3;1;2;5;
7;19;1;2;5;
20;7;1;2;3;
20;19;1;2;1;
6;4;1;2;0;
1;6;1;2;4;
2;14;1;2;5;
8;14;1;2;3;
MAINTENANCE
1;1;5;5;
2;1;5;13;
3;1;5;19;
4;1;5;26;
5;1;5;37;
