50;
6;4;1;2;4;
14;20;1;2;0;
7;7;1;2;3;
20;12;1;2;0;
20;9;1;2;1;
15;15;1;2;2;
8;3;1;2;5;
13;1;1;2;5;
19;12;1;2;2;
13;13;1;2;5;
5;9;1;2;3;
10;9;1;2;4;
17;9;1;2;2;
19;18;1;2;1;
9;18;1;2;3;
8;2;1;2;1;
4;8;1;2;4;
10;7;1;2;1;
13;13;1;2;4;
12;17;1;2;1;
6;6;1;2;5;
17;15;1;2;4;
18;13;1;2;2;
9;17;1;2;3;
13;19;1;2;0;
5;5;1;2;2;
8;10;1;2;3;
9;15;1;2;5;
2;16;1;2;2;
8;14;1;2;2;
1;19;1;2;4;
10;14;1;2;3;
4;17;1;2;5;
1;12;1;2;3;
13;3;1;2;2;
11;5;1;2;2;
18;2;1;2;0;
14;14;1;2;0;
20;7;1;2;5;
14;3;1;2;2;
17;6;1;2;4;
13;5;1;2;1;
17;3;1;2;1;
19;6;1;2;3;
19;12;1;2;1;
11;11;1;2;2;
14;8;1;2;1;
17;18;1;2;4;
19;18;1;2;5;
6;13;1;2;5;
MAINTENANCE
1;1;5;8;
2;1;5;20;
3;2;5;28;
4;2;5;43;
5;1;5;51;
