50;
8;13;1;2;4;
8;3;1;2;4;
11;2;1;2;1;
8;6;1;2;5;
2;19;1;2;1;
8;9;1;2;4;
17;20;1;2;3;
3;7;1;2;2;
16;9;1;2;4;
1;14;1;2;5;
9;4;1;2;1;
12;3;1;2;5;
18;7;1;2;4;
2;17;1;2;1;
2;16;1;2;5;
5;19;1;2;3;
17;15;1;2;3;
19;15;1;2;1;
3;16;1;2;5;
9;14;1;2;2;
8;1;1;2;0;
19;11;1;2;5;
2;20;1;2;5;
4;17;1;2;1;
2;6;1;2;5;
15;11;1;2;5;
2;8;1;2;5;
11;4;1;2;5;
13;10;1;2;3;
13;17;1;2;1;
8;11;1;2;3;
6;13;1;2;2;
10;1;1;2;5;
12;19;1;2;1;
7;19;1;2;4;
7;12;1;2;4;
17;18;1;2;0;
15;10;1;2;4;
10;5;1;2;5;
19;18;1;2;1;
7;5;1;2;0;
7;9;1;2;1;
19;11;1;2;1;
6;7;1;2;5;
1;11;1;2;1;
14;16;1;2;1;
19;1;1;2;5;
8;8;1;2;4;
7;8;1;2;4;
8;15;1;2;1;
MAINTENANCE
1;2;5;5;
2;2;5;19;
3;2;5;30;
4;1;5;37;
5;1;5;50;
