50;
11;12;1;2;0;
11;1;1;2;3;
8;15;1;2;1;
18;6;1;2;2;
9;14;1;2;1;
20;18;1;2;4;
10;7;1;2;0;
10;1;1;2;1;
20;2;1;2;0;
1;12;1;2;0;
14;5;1;2;5;
20;17;1;2;1;
11;18;1;2;5;
6;15;1;2;1;
15;13;1;2;4;
20;18;1;2;3;
14;18;1;2;3;
1;6;1;2;3;
12;3;1;2;0;
15;13;1;2;4;
17;11;1;2;1;
6;13;1;2;5;
2;2;1;2;2;
20;7;1;2;5;
20;19;1;2;5;
9;15;1;2;4;
13;20;1;2;4;
16;19;1;2;2;
17;3;1;2;3;
17;20;1;2;0;
4;20;1;2;1;
18;11;1;2;1;
3;1;1;2;5;
7;16;1;2;4;
4;13;1;2;4;
16;6;1;2;0;
19;1;1;2;5;
10;5;1;2;3;
7;18;1;2;1;
2;19;1;2;1;
17;14;1;2;5;
9;14;1;2;1;
10;17;1;2;5;
2;20;1;2;4;
4;20;1;2;3;
10;3;1;2;2;
11;8;1;2;0;
10;4;1;2;4;
8;4;1;2;4;
19;7;1;2;0;
MAINTENANCE
1;1;5;10;
2;1;5;22;
3;2;5;33;
4;1;5;48;
5;1;5;60;
