50;
5;1;1;2;3;
18;17;1;2;2;
5;5;1;2;5;
16;6;1;2;5;
12;9;1;2;2;
5;7;1;2;1;
12;11;1;2;0;
20;20;1;2;3;
19;8;1;2;5;
15;19;1;2;0;
1;13;1;2;4;
3;18;1;2;1;
12;16;1;2;5;
6;10;1;2;2;
20;8;1;2;0;
11;9;1;2;4;
18;13;1;2;4;
19;9;1;2;2;
11;3;1;2;1;
20;2;1;2;1;
8;10;1;2;3;
14;12;1;2;4;
16;7;1;2;4;
1;17;1;2;5;
18;8;1;2;4;
6;7;1;2;1;
3;3;1;2;0;
12;11;1;2;5;
16;4;1;2;3;
12;13;1;2;1;
18;13;1;2;1;
8;2;1;2;2;
3;9;1;2;2;
10;5;1;2;5;
14;12;1;2;0;
2;5;1;2;1;
1;5;1;2;4;
18;14;1;2;0;
19;3;1;2;5;
10;19;1;2;3;
11;19;1;2;1;
16;2;1;2;3;
19;4;1;2;5;
2;7;1;2;4;
10;1;1;2;5;
4;12;1;2;0;
3;1;1;2;1;
16;10;1;2;4;
15;3;1;2;0;
11;16;1;2;4;
MAINTENANCE
1;1;5;5;
2;1;5;13;
3;1;5;22;
4;1;5;36;
5;1;5;47;
6;2;5;53;
7;2;5;64;
8;2;5;73;
9;2;5;81;
10;2;5;96;
