50;
8;12;1;2;5;
3;1;1;2;0;
9;20;1;2;3;
14;20;1;2;1;
12;4;1;2;2;
19;13;1;2;4;
20;2;1;2;4;
14;20;1;2;0;
10;16;1;2;4;
2;17;1;2;5;
13;6;1;2;1;
19;11;1;2;3;
16;8;1;2;2;
3;20;1;2;3;
9;5;1;2;0;
9;2;1;2;4;
9;15;1;2;0;
18;14;1;2;1;
6;19;1;2;1;
15;13;1;2;0;
17;5;1;2;0;
2;5;1;2;2;
15;17;1;2;2;
8;6;1;2;2;
12;2;1;2;1;
12;12;1;2;1;
1;18;1;2;0;
4;5;1;2;0;
6;18;1;2;2;
7;16;1;2;0;
13;10;1;2;4;
6;4;1;2;0;
2;7;1;2;5;
5;10;1;2;2;
6;7;1;2;5;
11;17;1;2;1;
14;4;1;2;0;
17;17;1;2;0;
17;13;1;2;0;
11;16;1;2;4;
11;16;1;2;4;
2;1;1;2;0;
10;15;1;2;2;
3;7;1;2;4;
5;11;1;2;5;
3;7;1;2;4;
9;6;1;2;3;
11;11;1;2;2;
2;14;1;2;2;
15;14;1;2;3;
MAINTENANCE
1;1;5;5;
2;1;5;19;
3;1;5;32;
4;1;5;38;
5;1;5;49;
6;2;5;58;
7;2;5;69;
8;2;5;81;
9;2;5;90;
10;2;5;96;
