50;
9;3;1;2;1;
18;7;1;2;2;
19;18;1;2;0;
16;5;1;2;5;
20;2;1;2;4;
1;7;1;2;5;
9;8;1;2;3;
8;12;1;2;2;
18;18;1;2;1;
4;17;1;2;4;
4;15;1;2;4;
10;7;1;2;1;
20;9;1;2;2;
14;19;1;2;4;
5;14;1;2;3;
5;4;1;2;5;
3;11;1;2;5;
5;9;1;2;0;
20;4;1;2;5;
18;2;1;2;5;
18;4;1;2;2;
9;16;1;2;1;
18;10;1;2;5;
8;6;1;2;2;
12;10;1;2;2;
5;17;1;2;4;
12;14;1;2;3;
1;18;1;2;0;
9;1;1;2;5;
3;1;1;2;3;
15;3;1;2;0;
7;7;1;2;4;
7;12;1;2;1;
7;15;1;2;1;
9;10;1;2;5;
15;5;1;2;5;
7;18;1;2;3;
15;11;1;2;2;
14;4;1;2;0;
13;4;1;2;3;
9;10;1;2;1;
10;8;1;2;3;
6;13;1;2;1;
16;9;1;2;3;
8;11;1;2;0;
2;1;1;2;3;
19;13;1;2;1;
4;13;1;2;1;
6;7;1;2;0;
18;3;1;2;3;
MAINTENANCE
1;1;5;9;
2;1;5;19;
3;2;5;32;
4;1;5;47;
5;2;5;53;
