50;
8;15;1;2;3;
5;5;1;2;4;
7;11;1;2;3;
16;4;1;2;3;
13;12;1;2;5;
1;19;1;2;0;
9;1;1;2;1;
12;7;1;2;5;
9;7;1;2;5;
20;19;1;2;4;
16;15;1;2;4;
8;17;1;2;2;
1;12;1;2;2;
19;15;1;2;1;
5;17;1;2;4;
11;10;1;2;2;
20;2;1;2;0;
5;4;1;2;1;
10;8;1;2;1;
7;17;1;2;3;
10;4;1;2;1;
15;16;1;2;2;
17;10;1;2;4;
17;19;1;2;2;
7;18;1;2;5;
9;17;1;2;4;
3;15;1;2;5;
16;17;1;2;0;
3;17;1;2;2;
10;3;1;2;4;
13;10;1;2;2;
7;3;1;2;2;
16;17;1;2;5;
13;20;1;2;5;
18;5;1;2;2;
4;5;1;2;1;
3;2;1;2;1;
14;18;1;2;1;
14;1;1;2;5;
15;6;1;2;5;
3;9;1;2;5;
7;1;1;2;5;
9;10;1;2;0;
18;14;1;2;2;
15;3;1;2;0;
18;17;1;2;3;
11;13;1;2;1;
14;20;1;2;3;
3;3;1;2;2;
10;15;1;2;3;
MAINTENANCE
1;1;5;7;
2;1;5;21;
3;1;5;31;
4;1;5;43;
5;1;5;52;
6;2;5;62;
7;2;5;70;
8;2;5;84;
9;2;5;93;
10;2;5;102;
