50;
9;13;1;2;0;
1;18;1;2;1;
5;2;1;2;0;
7;2;1;2;4;
8;19;1;2;1;
6;2;1;2;2;
15;2;1;2;2;
15;8;1;2;3;
8;20;1;2;5;
1;15;1;2;0;
20;6;1;2;4;
18;5;1;2;1;
7;15;1;2;3;
6;16;1;2;4;
16;11;1;2;0;
12;18;1;2;0;
3;12;1;2;4;
2;13;1;2;2;
17;1;1;2;2;
12;12;1;2;4;
3;19;1;2;2;
19;9;1;2;5;
3;19;1;2;4;
14;18;1;2;3;
16;5;1;2;5;
13;6;1;2;2;
16;2;1;2;4;
9;5;1;2;4;
12;19;1;2;2;
20;18;1;2;4;
13;3;1;2;0;
12;18;1;2;0;
3;12;1;2;0;
3;10;1;2;0;
8;11;1;2;3;
2;7;1;2;1;
18;18;1;2;4;
16;4;1;2;5;
18;20;1;2;1;
4;19;1;2;2;
15;8;1;2;0;
13;3;1;2;5;
15;12;1;2;4;
19;12;1;2;5;
4;13;1;2;3;
11;10;1;2;3;
16;8;1;2;0;
10;2;1;2;5;
4;8;1;2;2;
18;15;1;2;0;
MAINTENANCE
1;1;5;6;
2;1;5;14;
3;1;5;21;
4;1;5;36;
5;1;5;51;
6;2;5;66;
7;2;5;79;
8;2;5;87;
9;2;5;99;
10;2;5;105;
